import numpy as np


ARRIVAL_RATES = np.array([
    0.275, 0.175, 0.1, 0.15, 0.025,
    0.1, 0.05, 0.175, 0.4, 0.125,
    0.4, 0.425, 0.575, 0.325, 0.4,
    0.2, 0.125, 0.125, 0.3, 0.325
])

AVG_SIZES = np.array([
    700000, 300000, 900000, 1200000, 1000000,
    600000, 800000, 900000, 200000, 1300000,
    500000, 1000000, 500000, 700000, 500000,
    1000000, 500000, 800000, 1100000, 1200000
])/100

ALPHA = np.array([
    0.4, 0.4, 0.4, 0.4, 0.4,
    0.4, 0.4, 0.4, 0.4, 0.4,
    0.4, 0.4, 0.4, 0.4, 0.4,
    0.4, 0.4, 0.4, 0.4, 0.4
])

BETA = np.array([
    0.6, 0.6, 0.6, 0.6, 0.6,
    0.6, 0.6, 0.6, 0.6, 0.6,
    0.6, 0.6, 0.6, 0.6, 0.6,
    0.6, 0.6, 0.6, 0.6, 0.6
])

MU = np.array([
    0.096, 0.0576, 0.1728, 0.0528, 0.3408,
    0.1008, 0.1872, 0.2496, 0.1248, 0.0096,
    0.096, 0.192, 0.048, 0.3312, 0.144,
    0.0576, 0.0672, 0.2832, 0.1584, 0.12
])

SCALE = np.array([
    0.086, 0.0516, 0.1548, 0.0473, 0.3053,
    0.0903, 0.1677, 0.2236, 0.1118, 0.0086,
    0.086, 0.172, 0.043, 0.2967, 0.129,
    0.0516, 0.0602, 0.2537, 0.1419, 0.1075
])

COV = np.array([
    [0.0049, 0.0014, 0.0112, 0.0021, 0.0203, 0.0056, 0.0140, 0.0182, 0.0084, 0.0,    0.0063, 0.0161, 0.0,    0.0217, 0.0119, 0.0021, 0.0035, 0.0196, 0.0140, 0.0],
    [0.0014, 0.0005, 0.0031, 0.0006, 0.0053, 0.0016, 0.0038, 0.0046, 0.0023, 0.0,    0.0017, 0.0041, 0.0,    0.0055, 0.0031, 0.0007, 0.0010, 0.0048, 0.0036, 0.0],
    [0.0112, 0.0031, 0.0282, 0.0048, 0.0544, 0.0133, 0.0362, 0.0487, 0.0213, 0.0,    0.0155, 0.0438, 0.0,    0.0603, 0.0315, 0.0047, 0.0080, 0.0541, 0.0374, 0.0],
    [0.0021, 0.0006, 0.0048, 0.0010, 0.0088, 0.0024, 0.0060, 0.0078, 0.0036, 0.0,    0.0027, 0.0069, 0.0,    0.0093, 0.0051, 0.0009, 0.0015, 0.0085, 0.0059, 0.0001],
    [0.0203, 0.0053, 0.0544, 0.0088, 0.1381, 0.0247, 0.0744, 0.1098, 0.0413, 0.0,    0.0296, 0.0989, 0.0,    0.1472, 0.0662, 0.0082, 0.0145, 0.1295, 0.0834, 0.0001],
    [0.0056, 0.0016, 0.0133, 0.0024, 0.0247, 0.0066, 0.0169, 0.0222, 0.0101, 0.0,    0.0075, 0.0197, 0.0,    0.0267, 0.0145, 0.0024, 0.0040, 0.0242, 0.0171, 0.0],
    [0.0140, 0.0038, 0.0362, 0.0060, 0.0744, 0.0169, 0.0482, 0.0657, 0.0275, 0.0,    0.0199, 0.0598, 0.0,    0.0830, 0.0421, 0.0058, 0.0100, 0.0741, 0.0508, 0.0],
    [0.0182, 0.0046, 0.0487, 0.0078, 0.1098, 0.0222, 0.0657, 0.0971, 0.0371, 0.0,    0.0273, 0.0871, 0.0,    0.1265, 0.0589, 0.0072, 0.0130, 0.1127, 0.0734, 0.0],
    [0.0084, 0.0023, 0.0213, 0.0036, 0.0413, 0.0101, 0.0275, 0.0371, 0.0166, 0.0,    0.0118, 0.0331, 0.0,    0.0456, 0.0242, 0.0035, 0.0060, 0.0409, 0.0285, 0.0],
    [0.0,    0.0,    0.0,    0.0,    0.0,    0.0,    0.0,    0.0,    0.0,    0.0,    0.0,    0.0,    0.0,    0.0,    0.0,    0.0,    0.0,    0.0,    0.0,    0.0],
    [0.0063, 0.0017, 0.0155, 0.0027, 0.0296, 0.0075, 0.0199, 0.0273, 0.0118, 0.0,    0.0092, 0.0244, 0.0,    0.0332, 0.0174, 0.0026, 0.0045, 0.0303, 0.0208, 0.0],
    [0.0161, 0.0041, 0.0438, 0.0069, 0.0989, 0.0197, 0.0598, 0.0871, 0.0331, 0.0,    0.0244, 0.0829, 0.0,    0.1182, 0.0545, 0.0064, 0.0115, 0.1043, 0.0676, 0.0006],
    [0.0,    0.0,    0.0,    0.0,    0.0,    0.0,    0.0,    0.0,    0.0,    0.0,    0.0,    0.0,    0.0001, 0.0002, 0.0,    0.0,    0.0,    0.0002, 0.0,    0.0001],
    [0.0217, 0.0055, 0.0603, 0.0093, 0.1472, 0.0267, 0.0830, 0.1265, 0.0456, 0.0,    0.0332, 0.1182, 0.0002, 0.1873, 0.0763, 0.0086, 0.0155, 0.1602, 0.0978, 0.0009],
    [0.0119, 0.0031, 0.0315, 0.0051, 0.0662, 0.0145, 0.0421, 0.0589, 0.0242, 0.0,    0.0174, 0.0545, 0.0,    0.0763, 0.0386, 0.0048, 0.0085, 0.0679, 0.0459, 0.0002],
    [0.0021, 0.0007, 0.0047, 0.0009, 0.0082, 0.0024, 0.0058, 0.0072, 0.0035, 0.0,    0.0026, 0.0064, 0.0,    0.0086, 0.0048, 0.0011, 0.0015, 0.0074, 0.0057, 0.0],
    [0.0035, 0.0010, 0.0080, 0.0015, 0.0145, 0.0040, 0.0100, 0.0130, 0.0060, 0.0,    0.0045, 0.0115, 0.0,    0.0155, 0.0085, 0.0015, 0.0026, 0.0141, 0.0100, 0.0],
    [0.0196, 0.0048, 0.0541, 0.0085, 0.1295, 0.0242, 0.0741, 0.1127, 0.0409, 0.0,    0.0303, 0.1043, 0.0002, 0.1602, 0.0679, 0.0074, 0.0141, 0.1452, 0.0868, 0.0009],
    [0.0140, 0.0036, 0.0374, 0.0059, 0.0834, 0.0171, 0.0508, 0.0734, 0.0285, 0.0,    0.0208, 0.0676, 0.0,    0.0978, 0.0459, 0.0057, 0.0100, 0.0868, 0.0578, 0.0001],
    [0.0,    0.0,    0.0,    0.0001, 0.0001, 0.0,    0.0,    0.0,    0.0,    0.0,    0.0,    0.0006, 0.0001, 0.0009, 0.0002, 0.0,    0.0,    0.0009, 0.0001, 0.0013],
], dtype=float)

RF = 1e-4

GAMMA = 5e-2

DISCOUNT_RL = 2*np.sum(ARRIVAL_RATES)/(RF+2 * np.sum(ARRIVAL_RATES))


NU = 5e-3